42436898968914953057400669842942947832500373722568405860964585570456451042229313838020633754948598667468175273758635651626748662763274624433266212092989035242106994840112743716184762138134272227453476 1000
164 174 2 12
166 174 142 150
82 86 16 20
134 148 144 158
154 156 82 84
134 148 0 14
108 152 104 148
190 196 10 16
100 140 40 80
112 134 128 150
26 94 120 188
156 178 140 162
174 184 86 96
90 120 86 116
124 154 54 84
72 176 78 182
8 80 106 178
76 158 102 184
162 164 58 60
34 54 62 82
182 192 36 46
158 170 82 94
0 108 80 188
130 134 54 58
188 196 186 194
146 172 86 112
80 154 10 84
108 180 120 192
112 154 104 146
150 154 68 72
46 196 36 186
22 44 80 102
36 92 84 140
12 90 104 182
176 188 104 116
108 172 20 84
102 166 32 96
142 154 26 38
188 192 34 38
162 192 166 196
8 88 32 112
196 198 134 136
96 198 66 168
82 84 40 42
78 122 22 66
104 122 178 196
4 90 104 190
82 128 106 152
186 196 46 56
178 180 94 96
100 132 158 190
54 96 14 56
158 188 168 198
166 170 150 154
136 150 6 20
190 194 112 116
124 132 178 186
88 142 4 58
174 186 174 186
152 178 76 102
6 36 12 42
88 156 32 100
128 174 120 166
58 156 38 136
72 164 46 138
182 184 124 126
26 96 72 142
164 184 140 160
196 200 68 72
146 172 86 112
188 190 86 88
114 198 36 120
160 170 108 118
106 178 72 144
28 40 12 24
2 162 18 178
138 174 108 144
20 194 0 174
54 118 124 188
184 198 60 74
108 152 100 144
188 198 42 52
122 176 130 184
112 158 126 172
116 182 30 96
122 154 54 86
50 80 56 86
94 168 108 182
90 194 2 106
12 126 68 182
48 154 36 142
188 200 70 82
142 154 130 142
16 164 28 176
174 200 132 158
10 26 100 116
140 156 26 42
80 108 38 66
66 96 30 60
158 166 38 46
134 180 124 170
70 182 0 112
190 198 140 148
130 162 22 54
100 172 104 176
74 144 52 122
46 98 94 146
188 190 156 158
142 190 22 70
32 174 58 200
92 176 60 144
170 188 152 170
152 154 110 112
70 74 142 146
174 176 126 128
58 104 8 54
86 134 96 144
194 198 114 118
160 162 28 30
148 182 60 94
186 198 34 46
182 186 72 76
40 132 10 102
124 190 34 100
24 134 54 164
184 186 114 116
108 140 104 136
8 136 38 166
112 188 76 152
100 152 24 76
14 106 74 166
110 120 132 142
138 142 178 182
150 172 4 26
118 132 178 192
64 116 48 100
158 182 2 26
170 186 124 140
56 108 48 100
150 154 18 22
96 188 66 158
42 198 14 170
22 112 64 154
46 114 64 132
158 182 60 84
48 134 36 122
60 166 66 172
118 152 6 40
8 84 0 76
176 198 162 184
126 160 68 102
154 174 64 84
12 116 18 122
14 114 64 164
36 120 40 124
14 144 14 144
112 118 58 64
162 166 132 136
76 94 92 110
24 34 104 114
18 130 80 192
118 120 106 108
158 198 142 182
38 88 44 94
76 80 120 124
116 134 70 88
150 154 190 194
160 172 44 56
122 184 116 178
194 196 140 142
44 64 88 108
128 144 116 132
196 200 144 148
24 52 74 102
80 146 16 82
162 198 8 44
120 138 18 36
74 162 28 116
196 198 176 178
82 142 38 98
190 196 136 142
192 198 144 150
156 186 76 106
144 148 26 30
4 106 20 122
124 168 18 62
126 176 44 94
78 104 164 190
90 92 196 198
112 130 146 164
70 86 162 178
110 200 90 180
20 178 40 198
178 184 160 166
192 194 144 146
58 84 88 114
190 196 144 150
116 152 136 172
160 174 42 56
74 126 110 162
52 150 28 126
84 160 90 166
198 200 2 4
20 84 84 148
112 160 66 114
130 160 132 162
158 160 180 182
178 188 126 136
84 158 108 182
80 88 118 126
40 170 52 182
18 140 26 148
194 198 100 104
94 186 54 146
162 178 110 126
194 200 16 22
118 186 42 110
116 154 86 124
160 198 6 44
168 180 24 36
158 180 0 22
172 194 78 100
166 174 182 190
180 198 70 88
80 158 42 120
122 134 0 12
2 74 104 176
74 152 38 116
196 200 114 118
150 168 138 156
108 200 8 100
188 198 22 32
84 108 80 104
170 178 178 186
182 190 128 136
166 172 118 124
4 6 172 174
118 200 22 104
194 196 88 90
190 196 84 90
10 66 78 134
168 176 180 188
126 160 70 104
142 146 116 120
42 66 22 46
78 156 10 88
138 172 10 44
68 184 52 168
128 164 156 192
44 166 52 174
188 196 64 72
64 124 118 178
44 68 16 40
4 12 24 32
98 194 96 192
64 68 138 142
108 186 66 144
132 158 172 198
28 194 12 178
84 186 72 174
48 122 120 194
156 198 116 158
84 194 68 178
114 136 168 190
88 128 0 40
12 184 26 198
84 188 66 170
18 28 146 156
104 162 54 112
132 158 110 136
6 58 24 76
152 168 148 164
178 184 6 12
46 186 54 194
82 96 58 72
12 56 78 122
104 170 6 72
176 196 114 134
62 182 80 200
68 150 38 120
20 32 106 118
82 194 84 196
40 48 94 102
192 196 122 126
194 200 6 12
182 186 184 188
10 48 28 66
38 44 162 168
106 184 54 132
106 172 34 100
170 188 46 64
0 10 142 152
102 188 2 88
98 138 106 146
196 198 140 142
96 174 46 124
112 146 158 192
128 200 24 96
188 190 52 54
2 136 64 198
180 188 60 68
142 158 160 176
186 190 58 62
178 196 118 136
112 200 34 122
172 184 124 136
114 128 16 30
138 156 140 158
86 126 52 92
82 120 70 108
132 136 64 68
2 92 32 122
166 170 166 170
112 140 172 200
48 128 0 80
22 132 66 176
128 152 82 106
92 94 20 22
100 154 100 154
166 190 36 60
154 176 170 192
82 138 38 94
56 120 24 88
14 166 14 166
22 134 74 186
166 196 42 72
16 168 0 152
72 128 44 100
160 176 86 102
122 188 98 164
28 194 10 176
194 198 54 58
92 124 2 34
96 156 4 64
124 166 100 142
156 196 138 178
2 140 40 178
84 112 32 60
100 152 36 88
188 190 98 100
8 148 18 158
126 136 122 132
134 184 40 90
152 184 30 62
2 86 74 158
16 68 12 64
64 112 70 118
192 200 150 158
28 136 92 200
106 156 146 196
122 156 54 88
94 104 48 58
20 76 128 184
0 20 84 104
152 154 4 6
4 194 6 196
78 106 156 184
162 174 20 32
86 140 62 116
140 156 166 182
134 190 96 152
58 152 58 152
8 74 64 130
2 16 140 154
8 154 40 186
186 198 178 190
92 122 8 38
174 186 18 30
118 176 50 108
76 116 62 102
196 198 174 176
74 150 114 190
100 188 82 170
164 170 70 76
88 152 128 192
186 188 0 2
88 102 8 22
146 166 154 174
20 78 48 106
18 136 38 156
198 200 102 104
88 188 46 146
114 178 76 140
70 164 6 100
168 172 144 148
180 188 154 162
124 174 58 108
24 192 24 192
144 174 84 114
142 186 120 164
40 176 14 150
150 180 66 96
186 198 92 104
94 126 22 54
74 108 158 192
100 186 104 190
172 188 124 140
150 186 158 194
190 196 182 188
106 186 42 122
144 174 134 164
128 166 68 106
78 182 58 162
4 172 20 188
158 182 134 158
40 80 26 66
90 130 136 176
66 120 94 148
194 196 98 100
146 162 96 112
124 126 0 2
178 198 30 50
18 180 6 168
146 192 126 172
0 50 80 130
28 66 72 110
122 148 50 76
90 128 38 76
66 108 48 90
166 182 112 128
130 164 118 152
92 172 38 118
72 160 96 184
62 126 90 154
60 122 92 154
192 196 36 40
182 186 168 172
190 192 34 36
92 160 42 110
64 78 44 58
100 146 152 198
40 134 94 188
4 164 10 170
150 172 112 134
60 168 58 166
116 122 72 78
0 84 86 170
116 198 12 94
38 188 46 196
178 200 46 68
4 44 88 128
112 156 6 50
32 104 24 96
10 114 86 190
24 198 14 188
166 180 160 174
158 170 98 110
150 158 56 64
178 184 106 112
140 146 74 80
38 70 114 146
136 194 24 82
110 164 122 176
98 180 66 148
74 184 6 116
166 196 158 188
152 172 138 158
100 164 102 166
156 162 56 62
100 158 34 92
38 80 36 78
162 188 140 166
48 130 0 82
46 172 60 186
104 108 24 28
62 136 24 98
128 188 68 128
8 88 52 132
190 196 2 8
170 178 40 48
66 84 42 60
18 156 34 172
144 168 130 154
82 160 54 132
90 102 10 22
90 166 80 156
138 150 70 82
84 98 106 120
22 116 104 198
46 182 10 146
142 144 76 78
84 186 72 174
172 186 112 126
106 146 70 110
172 190 112 130
182 192 142 152
80 102 88 110
80 188 22 130
128 140 108 120
106 190 78 162
44 90 138 184
86 166 8 88
28 112 88 172
140 192 118 170
192 196 142 146
40 58 174 192
132 150 142 160
68 198 56 186
110 112 28 30
186 190 118 122
72 184 36 148
142 186 128 172
138 170 146 178
152 190 162 200
170 178 2 10
138 146 52 60
144 176 42 74
70 150 108 188
170 184 58 72
48 128 60 140
36 126 94 184
96 186 108 198
110 162 28 80
40 156 26 142
72 150 20 98
114 164 136 186
28 172 46 190
168 178 26 36
40 178 34 172
64 146 14 96
4 128 70 194
50 58 94 102
170 200 150 180
108 162 124 178
62 66 182 186
148 190 28 70
178 180 138 140
118 126 142 150
28 188 20 180
38 50 172 184
188 196 186 194
26 40 54 68
190 196 74 80
94 198 30 134
80 118 12 50
194 198 82 86
48 190 10 152
142 172 86 116
122 126 60 64
166 184 80 98
150 180 0 30
106 174 92 160
28 116 58 146
54 100 124 170
40 70 166 196
96 102 24 30
70 78 18 26
140 146 188 194
198 200 106 108
6 142 44 180
118 168 146 196
38 166 64 192
94 184 92 182
164 176 26 38
122 158 48 84
22 50 104 132
58 128 112 182
148 176 172 200
78 152 16 90
28 72 102 146
102 184 66 148
104 160 14 70
170 196 138 164
98 170 36 108
128 194 128 194
48 172 16 140
126 192 72 138
138 160 154 176
20 148 32 160
158 168 38 48
180 186 98 104
160 168 86 94
70 162 84 176
8 200 6 198
84 88 192 196
66 98 136 168
150 188 146 184
172 194 86 108
24 36 16 28
74 146 78 150
84 184 0 100
150 188 84 122
158 194 114 150
100 104 142 146
178 186 112 120
110 138 36 64
6 24 116 134
184 190 88 94
154 190 160 196
174 182 138 146
114 154 102 142
28 156 50 178
20 76 70 126
56 132 94 170
114 174 94 154
138 190 96 148
196 198 186 188
46 108 26 88
114 190 18 94
54 100 94 140
122 142 156 176
114 144 162 192
92 108 146 162
32 50 108 126
130 190 86 146
12 44 168 200
56 68 112 124
124 146 12 34
174 192 54 72
150 200 138 188
94 102 100 108
126 178 110 162
68 94 18 44
48 102 82 136
2 56 94 148
4 16 122 134
106 176 44 114
114 194 30 110
60 190 54 184
52 122 118 188
120 198 86 164
130 136 76 82
118 182 94 158
170 176 144 150
114 200 48 134
192 200 116 124
158 170 12 24
130 168 116 154
26 192 32 198
2 148 34 180
194 198 80 84
22 98 88 164
42 190 6 154
42 52 68 78
158 194 10 46
178 188 38 48
52 102 96 146
144 196 132 184
32 200 32 200
10 102 104 196
152 178 158 184
196 200 52 56
140 150 22 32
160 168 66 74
166 194 122 150
30 64 88 122
180 184 22 26
56 116 74 134
42 110 4 72
56 148 98 190
116 152 88 124
0 32 90 122
162 200 16 54
188 200 2 14
130 132 106 108
188 196 50 58
6 160 30 184
182 192 64 74
164 192 130 158
60 138 10 88
100 114 182 196
158 194 92 128
192 194 148 150
42 162 56 176
38 124 40 126
20 66 26 72
58 140 56 138
38 84 82 128
120 146 172 198
26 170 38 182
134 146 42 54
110 176 118 184
42 84 4 46
182 186 182 186
78 152 52 126
186 188 128 130
136 194 40 98
88 126 36 74
102 178 8 84
110 120 46 56
98 198 84 184
146 180 148 182
16 200 6 190
70 130 70 130
178 180 66 68
0 40 106 146
26 62 54 90
46 94 44 92
86 112 140 166
78 166 84 172
44 52 66 74
24 180 44 200
154 156 58 60
72 184 30 142
194 196 118 120
182 192 146 156
28 154 44 170
32 176 44 188
92 110 154 172
180 182 102 104
112 150 134 172
198 200 162 164
88 104 48 64
74 116 100 142
24 196 26 198
134 190 88 144
2 192 2 192
60 70 118 128
82 130 42 90
120 158 32 70
120 130 68 78
154 200 114 160
52 116 70 134
164 190 68 94
34 110 60 136
16 28 78 90
160 178 88 106
26 186 2 162
122 178 132 188
190 194 74 78
18 28 96 106
24 168 40 184
74 184 22 132
198 200 172 174
188 192 138 142
48 176 4 132
88 148 24 84
46 162 78 194
182 184 140 142
110 146 152 188
122 128 176 182
146 166 32 52
122 152 38 68
92 144 64 116
172 198 76 102
180 182 162 164
118 130 52 64
146 148 132 134
120 184 126 190
124 198 46 120
68 94 156 182
158 172 56 70
134 146 120 132
102 178 42 118
26 98 36 108
94 182 18 106
166 168 42 44
80 98 182 200
118 120 174 176
88 148 22 82
194 200 92 98
168 180 84 96
186 188 88 90
48 74 72 98
186 190 180 184
128 132 122 126
2 52 28 78
180 190 152 162
80 186 40 146
72 84 64 76
28 58 12 42
10 90 16 96
116 118 114 116
42 146 8 112
58 198 40 180
98 106 152 160
2 148 48 194
144 196 104 156
54 180 74 200
140 200 14 74
160 184 154 178
28 118 0 90
54 78 34 58
120 186 4 70
166 198 74 106
120 130 18 28
8 200 6 198
146 170 112 136
198 200 10 12
130 168 4 42
148 198 136 186
16 140 70 194
78 138 40 100
122 146 132 156
134 198 100 164
56 106 124 174
16 40 130 154
94 166 86 158
8 164 44 200
196 198 138 140
80 170 72 162
168 194 0 26
124 150 34 60
92 132 80 120
10 24 16 30
4 44 130 170
78 180 0 102
186 192 112 118
66 100 122 156
142 146 122 126
136 162 54 80
66 190 38 162
72 114 26 68
76 78 88 90
134 144 188 198
148 158 128 138
166 190 98 122
98 200 70 172
74 138 88 152
196 198 122 124
64 112 86 134
18 28 62 72
66 72 4 10
82 132 52 102
118 186 22 90
40 104 36 100
122 152 10 40
88 114 110 136
118 124 58 64
96 136 146 186
192 196 40 44
130 194 28 92
158 184 84 110
16 152 60 196
118 130 54 66
50 104 14 68
174 188 174 188
30 82 40 92
104 126 138 160
20 138 50 168
64 190 70 196
40 82 140 182
164 170 108 114
18 78 108 168
28 66 160 198
14 92 110 188
66 122 32 88
92 190 52 150
14 50 116 152
70 182 18 130
82 94 150 162
140 146 18 24
118 130 10 22
178 188 100 110
36 40 74 78
58 104 2 48
174 190 50 66
102 198 70 166
16 188 10 182
90 128 56 94
158 196 74 112
88 170 94 176
42 80 12 50
142 176 94 128
48 72 36 60
122 134 80 92
54 106 0 52
2 110 16 124
198 200 182 184
188 194 22 28
74 164 68 158
170 174 172 176
46 108 66 128
14 68 2 56
188 190 144 146
66 146 30 110
106 108 102 104
146 192 50 96
6 8 164 166
198 200 190 192
110 146 102 138
2 140 4 142
98 122 22 46
188 196 14 22
194 198 110 114
114 190 110 186
32 66 156 190
18 98 32 112
106 186 90 170
146 162 82 98
112 142 154 184
116 192 78 154
180 194 96 110
180 186 40 46
48 120 126 198
196 200 126 130
126 138 90 102
148 200 50 102
74 88 96 110
106 112 84 90
54 90 164 200
56 82 28 54
196 198 46 48
152 194 70 112
160 186 4 30
34 148 62 176
60 76 46 62
32 82 134 184
12 170 42 200
20 64 24 68
146 164 36 54
56 142 86 172
146 184 158 196
68 166 12 110
66 170 96 200
8 170 6 168
182 200 94 112
174 186 172 184
134 162 100 128
134 164 20 50
40 182 34 176
10 118 82 190
60 168 32 140
58 106 74 122
78 190 44 156
92 194 88 190
56 144 76 164
150 178 120 148
158 160 80 82
74 94 130 150
86 160 122 196
160 200 146 186
124 186 0 62
148 164 166 182
114 158 92 136
148 158 186 196
126 128 62 64
150 164 176 190
20 174 0 154
128 134 18 24
194 196 166 168
116 122 30 36
158 200 98 140
180 196 18 34
140 150 72 82
160 200 68 108
14 146 48 180
58 90 30 62
26 62 18 54
162 166 146 150
14 74 58 118
180 192 100 112
56 130 62 136
164 172 54 62
46 130 48 132
14 42 18 46
70 140 130 200
22 110 14 102
120 164 126 170
114 182 102 170
76 132 72 128
164 194 70 100
78 136 4 62
134 182 70 118
122 164 94 136
126 144 174 192
56 170 36 150
106 150 156 200
180 184 138 142
78 158 62 142
32 74 28 70
64 68 58 62
188 190 144 146
24 44 22 42
90 124 82 116
62 112 54 104
162 172 18 28
180 198 84 102
8 198 10 200
54 174 74 194
104 146 84 126
100 136 46 82
182 188 102 108
156 186 56 86
40 162 70 192
70 156 14 100
126 162 96 132
144 176 152 184
46 78 46 78
0 70 122 192
174 190 92 108
132 158 8 34
120 182 44 106
188 190 44 46
134 198 132 196
188 192 138 142
168 186 0 18
174 200 58 84
186 194 26 34
34 176 4 146
144 164 148 168
24 120 64 160
34 110 66 142
146 162 104 120
158 176 20 38
34 172 36 174
124 198 112 186
190 192 198 200
82 114 106 138
156 178 106 128
